         0         1         2         3         4         5         6         7         8    ...       292       293       294       295       296       297       298       299        0  
17  0.157913  0.123467 -0.002812 -0.058197  0.087551  0.145353 -0.187191 -0.023563  0.071121  ... -0.162699  0.255438  0.047937  0.043766 -0.178344  0.012586 -0.134677 -0.178403    door_pv
1   0.010974  0.081893 -0.072999 -0.010923  0.014210  0.212616 -0.126146 -0.089142  0.179769  ... -0.000005  0.215481 -0.041976  0.071082 -0.113094 -0.126914 -0.015630 -0.229925  lights_nv
10  0.225546  0.174325  0.010270 -0.002095  0.159138  0.114284 -0.082300 -0.106558  0.064734  ... -0.200105  0.144486  0.150504  0.061162 -0.104322 -0.172065 -0.282663 -0.098116    door_nv
14  0.304169  0.120777 -0.059926 -0.067723  0.204803  0.111055 -0.086656  0.080988  0.100582  ... -0.151605  0.236609 -0.013389  0.036564 -0.099780 -0.157377 -0.187200 -0.124550  garage_pv
14  0.128771 -0.022067  0.003264 -0.114967  0.010003  0.220675 -0.149423 -0.104239  0.182396  ... -0.050820  0.141272 -0.093855 -0.062054 -0.314976  0.069270 -0.181133 -0.168311   water_pv
..       ...       ...       ...       ...       ...       ...       ...       ...       ...  ...       ...       ...       ...       ...       ...       ...       ...       ...        ...
19  0.243973  0.382800 -0.215290 -0.018500  0.255949  0.196911 -0.056816 -0.060514  0.199825  ... -0.087221  0.252887  0.212613  0.114358  0.106068 -0.148525 -0.076515 -0.160891  garage_nv
3   0.066952  0.087828 -0.003002 -0.142593  0.088404  0.293096 -0.116597  0.042585  0.010493  ...  0.121780  0.215229  0.079177  0.129227  0.183819 -0.003437 -0.280384 -0.078339  garage_nv
15  0.272162  0.145618  0.028259 -0.003920  0.102625  0.107073 -0.180397 -0.045268  0.110749  ... -0.138360  0.272910  0.132363  0.063547 -0.082772 -0.109224 -0.218781 -0.139515    door_pv
12  0.090681 -0.057305  0.077785 -0.201204 -0.041763  0.238332  0.136111  0.012888  0.022875  ... -0.072129  0.132618 -0.042158  0.019540 -0.352227 -0.247303 -0.113422 -0.136949  lights_pv
9   0.215050  0.159511  0.100208 -0.063418  0.173230  0.086746 -0.099829 -0.080985  0.051841  ... -0.153891  0.090765  0.127065  0.045729 -0.261743 -0.080188 -0.282486 -0.160637    door_nv

[136 rows x 301 columns]